-5160750412
5764783751
7665700129
1481435724
-7255416545
3156806712
-328222806
1018419262
11409358753
2548825801
1649309525
7505770684
-13433815076
-31427038352
932191014
-4091311945
-1690271949
-5313593910
-1503480101
14316413446
16049829943
13962548899
9181851480
21688717969
-1748026287
-1912865978
19545011904
-6041626618
-366410890
-9017118880
-2802856185
-23829499883
3246945535
-39309715
-987844535
17576244651
6928341422
-1567839062
5809034258
-4152910554
11200327876
3354580349
3936034277
1490661445
3505185876
17390960453
11832526918
-13345620391
-1865848771
3320155317
6143577291
-1605177883
-17995793721
5525487299
-13361533607
-10190094261
-11359110698
