6389,9075,19688,6644,6720,1337,9685,13844,15082,6783,5780,6294,3012,3937,15575,6255,3382,13886,1887,8299,3975,9147,8337,15913,10823,11815,9234,11004,11930,8514,3396,8253,1237,17398,13078,18999,19937,3100,9959,7191,7783,8137
19397,17576,16677,13648,2568,9751,1366,4574,19739,4847,11367,15705,18717,15283,18993,16644,13098,4335,6518,18726,5994,15438,978,9931,2806,8213,1841,NA,14670,17497,9745,NA,16726,9828,2002,14072,10,16611
12259,7031,946,19400,3479,17981,14179,15326,15163,836,4628,NA,16697,2502,5907,7797,15981,7921,1369,NA,17344,NA,9367,332,16509,8264,1066,2641,6528,14801,15672,7281,307,10161,5053,10179,15088,16893,15534,10098,5223,NA,11223,10313,NA,16527,792,168,4255,5587,14833,NA,18812,6940,6397,13945,11683,11889
19906,18187,17076,1005,16387,12264,11713,814,16945,7272,13346,17552,NA,13643,10686,NA,13377,5827,16172,19585,18555,15865,2601,3956,6415,16341,896,3704,2317,12765,15307,19751,2528,12371,15181,666,18253,803,18827,14649,19462,4354,7377,2783,9608,16282,13990,17669,12651,4292,15323,3225,6288,18282,13703,39,785
24,15722,10793,4554,15291,11492,12668,1980,15240,9678,2629,15559,NA,4745,18796,9437,6368,NA,4286,2689,1166,11411,12996,17497,806,12312
2568,1633,17456,743,15840,15380,7000,9924,1235,14258,8414,4088,15901,4920,12973,NA,18272,14511,1117,10261,17756,6518,15559
15823,6460,1626,15085,3358,6038,6198,10621,2013,6952,15962,4863,NA,6677,6479,579,14462,14814,11437,4366,906,896,NA,2732,NA,17049,14195,17572,6882,7229,17684,13305,15849,NA,643,11600,NA,5199,NA,10374,10458,10040,15402,17444
4328,11814,15857,6580,13298,1271,15059,17379,17557,18804,17709,9496,3277,3642,3012,2678,329,17833,9754,8551,17238,3500
8396,1912,13137,12889,13675,16451,8244,7661,11964,6171,3556,9303,15574,10261,2741,17426,16089,8027,12501,17318,5208,2198,11170,7278,13031,12189,19517,6860,15731,13571
8878,14179,12879,8600,1404,4179,18814,943,3803,11549,4767,NA,7050,18668,5346,13135,16763,6071,13740,758,1205,2258,12835,14187,4152,6453,7376,19207,1723,94,3445
12590,9835,16408,3854,19086,16836,16920,3442,7011,3441,9374,3130,16689,9375,13612,4109,5067,18516,6641,2325,15516,15596,19204,6033,NA,3176,5227,8476,18422,3234,12802,NA,5067,16493,10698,3239,7685,592,5435,9446,8109,10968,3680,NA,18758,11640,17397,11372,1566,7360,17449,5624
14641,5308,10120,4111,2208,4437,4671,19794,15375,15603,17428,11022,7382,7130,11345,5768,3303,12743,11236,7062,9153,3055,753,1833,NA,18150,14683,19194,15595,1498,19891,1478
12115,4876,4060,2119,9340,4183,7159,13834,13655,8813,8902,NA,7982,13940,1398,1248,5114,12494,5267,5327,15589,15170,18532,9503,196,17707,3025,15940,16847,12809,19754,2122,2508,9431,12845,19437,7794,7609,7072,2777,14519,12201
2436,787,698,6025,8304,13606,19086,7678,19478,17657,15198,2926,11861,5001,16018,6959,9086,19270,12160,2795,NA,8275,12639,14643,7013,9792,10086
7202,2062,3392,20,14041,4389,584,8434,13919,4357,8007,16100,1446,19251,2268,561,11847,NA,5209,16179,NA,8523,12400,NA,421,NA,19261,5679,5271,4825,5002,11334,15688,14413,10528,5142,12992,16182,3001,10094,13782
8501,4612,7425,8192,8655,7817,18019,11275,5886,11468,7513,10043,4201,13915,1820,1733,NA,9770,18088,19633,2058,10980,17466,17266,17421,10461,5449,15059,2185
14766,14160,15530,6997,12498,8007,5806,3597,5808,13794,18187,NA,13086,6412,19973,12369,2799,5436,13471,8975,12995,12487,12338,8479,4180,2141,12967,5228,12544,6784,5920,6318,5964,12567,10126,17668,NA,2291,19103,14739,18241,6999,12998,7344,NA,14942,13445,10534,7707,19230,5265,13725,10366,1988,NA,15686,15497,NA,13329,9056,15443,4410,16518,NA,8820,14427,9799,18548,5402,18069,4015,15285,7256,16872,3539,7068
4686,2819,12174,14560,9050,14446,8388,949,12493,18794,3763,6284,10711,19833,6737,19951,2271,19965,13843,11059,13022,15060,7667,12044,4704,12213
18206,4768,17853,17213,5637,19009,138,13974,7448,7434,11285,6095,18905,615,8298,6241,18787,14804,4325,NA,506,7357,NA,11438,6897,17206,NA,7193,17125,15999,12238,9201,15867,12434,2084,12468,14206,NA,2203,17516,7890,12489,10748,NA,8225,NA,19100,8241,18380,6509,6828,17390,17574,9916,17821,10950,10899,8654
15261,10343,3258,19505,17934,18016,12153,19853,3545,11723,3389,6411,4922,3046,7072,4619,6507,493,9208,9307,NA,8667,NA,16780,NA,19450,1,NA,6990,6417,392,11802,NA,12287,9729,9699,17197,736,15489,5649
14048,4696,18595,7381,15956,7299,11370,9566,15224,6626,7312,10859,957,12162,967,6824,6262,14291,6347,16625,NA,5455,5297,2002,NA,949,8247,14311,11825,14366,8989,17289,14004,15750,16853,10420,15949,2250,3643,6625,19086,6312,4186,14494,4861,18071,1169,11421,19840,14900,16450,17156,19447,NA,11462,3743,3725,11934,14210,11112,235,6910,6606,11515,9740,12211
9712,453,2116,11359,16473,11407,4150,5854,17330,5779,18259,NA,8697,5490,NA,19583,NA,14991,19165,10663,NA,14571,5055,8581,19756,12690,1803,3694,11243,11054,4880,8486,1236,12021,213,12247,12771,15601,10774,15559,8571,19582,1912,9954,18302,7517,8060,18335,10967,5769,8475,9106,NA,13822,13256,16603,NA,18582,12022,5691,8005,2519,11909,1155,6496,1849,11949,15713,10206,12816
1282,12081,4203,17949,2266,1666,10077,10450,19835,616,4807,5528,1335,2000,4886,4199,10384,11789,1584,14073,1387,13180,19415,17077,15058,NA,15322,15563,11415,NA,1214,14593,NA,6254,7243,3356,539,14522,18132,19922,4229,11059,16919,17974,16379
8512,8117,7480,9514,6282,2914,7946,7192,19150,15625,11038,5458,15886,16954,2394,8587,8066,8809,17094,11756,4359,18296,3101,15841,18442,5605,4854,11856,16738,2888,NA,9440,9798,14977,18448,7676,19833,9406,19562,15312,14441,19238,12636,11275,3786,16988,8206,2421,12069,18893,9773,6901,8166,17379,6333,17290,18938,16999,8898,9048,4190,19972,9486,2610,9790,12480,11881,13352,NA,4930,743,18632,2881,9184,19039,14345,220,6881,12369
19590,5613,15714,5990,2704,17302,6780,1402,2775,19490,5407,2217,11474,17846,5792,3662,14370,8395,6104,1144
10778,1205,6059,16845,10132,3016,8640,15737,12907,8356,14696,12028,9701,5100,NA,2437,10563,968,13498,1195,11649,16628,NA,9393,18116,4283,12684,18721,19126,2449,4976,2721,971,NA,7677,5135,348,18055,1843,7984,16274,444,15038,5328,687,19806,6548,16909,1527,363,9948,18955,15623,8191,5839,NA,14172,12218,4005,9183,9104,NA,15920,NA,4532,6203,2525,11825,4997
10192,19459,13430,2758,14285,11503,14749,14952,2028,14053,12599,4951,8688,5288,7286,NA,18723,2397,8419,15329,17686,8767,1472,14293,2230,2586,5464,18279,6172,9563,15961,6254,3439,10398,2419,6159,10357,13679,11545,3601,11833,2449,16195,12143,5394,9611,1453,18135,18580,4069
9620,17925,13646,16231,7602,7774,14918,4400,11661,15247,10088,12814,420,9480,3764,12975,15112,12289,13609,14072,9794,NA,780,12005,15496,10736,7409,1314
7686,14242,16986,2260,2384,7184,2758,13571,13862,9520,6496,4215,2978,18686,19649,13813,18574,8892,9777,13551,11822,6275,16777,16797,3226
6127,11346,13754,11242,13007,12195,19887,2257,2253,18942,365,16203,14546,15357,16984,19530,12802,6586,6744,932,4324,17481,11150,6004,14359,NA,11878,NA,15900,18786,15177,18862,2436,9778,5265,19728,15502,1673,10587,5784,13476,8704
11444,5556,13856,7138,11844,17549,2803,11483,14733,2324,16387,1721,16886,NA,1104,16566,6177,5396,16581,10414,9235,14524,13070,NA,13862,13688,15430,17584,8575,1277,NA,10222,11203,10940,3850,11110,2548,10212,4278,566,8856,14247,NA,18326,19072,11988,10743,13788,17125,9891,9377,14960,17393,1756,16572,5905,5680,7107,5857,16932,4492,NA,15948,7468,4969,8971,3208,12914,12909,7944
4640,16684,15017,18142,18419,17168,14854,8400,3071,1422,12030,10258,12573,14553,NA,703,9592,NA,3132,4822,4563,12124,7288,10620,NA,5118,16226,10283,13792,10326,6102,NA,5350,1276,NA,10698,783,11760,17878,6801,18070,5924,478,11610,7014,13840,2624,8523,NA,10202,11242,13291,5306,15252,11060,7406,4712,17643,NA,11467,18294,4004,7745,13,14655,6331,10996,1665
6507,18886,14806,14743,16086,656,16537,1884,10296,6773,15371,NA,10872,NA,12867,19617,966,13595,NA,1926,7781,7013,14978,6877,422,NA,12680,2237,18995,15975,6554,7972,11786,10425,17825,NA,16347,15039,18136,13085,8504,NA,2964,6047,19410,16908,6673,17288
6764,1016,5708,3649,8305,10154,8097,5694,14813,2471,19697,NA,8421,6577,6136,10401,19792,3200,-1,4376,6480,3979,5645,7406,3474,18780,4694,NA,10965,13294,18443,5507,17178,11545,11269,15767,11786,17165,5362
12291,6275,1550,14760,14450,7861,7648,15335,12698,9729,10943,17296,284,NA,10813,9108,NA,8406,3801,9133,210,3751,5583,19478,11827,NA,4014,4862,3565,2427,16087,6085,9299,17516,16405,15153,15512,19280,6042,7409,17438,13307,7060,NA,10059,9984,7034,669,4617,9247
12079,19843,19497,5439,15616,2904,16630,12262,192,1494,320,12657,2778,8359,8350,13079,561,10601,2404,9850,7551,18970,574,NA,1551,4048,3423,13044,3260,10767,7912,15048,2173,17775
7907,9814,11370,13820,4165,11475,882,13766,10837,6321,4257,1992,33,996,3799,13831,2313,14231,15672,11556,948,19590,5090,17192,1354,15156,15375,2175
4857,9540,17785,11362,12349,13234,14231,19454,4239,15202,19535,4256,9191,7398,9311,7096,12075,15593,1385,NA,13816,17945,11,14469,17477,14499,10621,18679,2193,8075,12368,10469,9240,19899,8087,6332,NA,15668,14192,18031,12339,13851,13027,8883,2170,16416,15522,18370,19113,15458,4016,NA,13700,12950,2468,15823,18165,6269,12929,6594,16461,NA,12392,1680,3190,12109,2188,10386,9122,18420
17475,19953,4929,4224,14461,7751,10168,4226,6494,15657,11630,9771,NA,1799,3199,18643,6377,4256,14961,702,6902,NA,11048,5929,6917,13419,NA,100,3203,10263,7434,17093,10565,8849,5762,10847,11551,400,2435,3715,18624,7058,3383,16589,14617,1172,14255,15143,18411,14133,8972,17615,2231,17863,19701,13700,6912,19601,NA,3888,13301,18953,5018,17187,NA,8269,9184,12737,3278,13748,11531,14184
10422,5871,8336,19415,3912,3172,5725,13818,16197,1845,9461,5436,16365,NA,11050,7146,13658,2541,610,19656,13425,12846,622,9309,4601,6493,18903,NA,16677,17631,5193,12086,9747,NA,318,19000,13700,15262,956,1243,NA,18467,4802,2115,16379,4769,NA,14855,10460,164,19661,15152,3217
10871,1565,4548,8181,754,17310,5659,7476,3904,2631,8210,1261,NA,19768,15854,NA,11817,1875,3258,8196,18350,2912,18521,5810,6974,4737,976,NA,10031,1676,7357,8453,5515,16632,6821,3871,13342,7977,6116,1896,NA,19004,19048,10559,5605,14973,8679,NA,7389,17292,6871,NA,11419,176,12395,17032,15322,NA,6889,10396,17528,328,3356,3914,9569,6248,5838,15174,10073,849,19613
13793,10606,11152,18303,10857,4605,13012,559,14286,9430,1810,9127,4426,12607,8200,14991,1155,NA,8375,12983,19480,3617,12933,11419,16597,8112,5786,6434,8393,15441,13257,5582,608,13997,6932,13591,5695,3268,3698,14717,1078,14565,8470,9608,10455,NA,14394,2833,13491,14001,2224,17695,3452,1355,16203,554,4365
3765,2038,7830,3439,1992,9724,17880,15375,507,8753,18084,10458,NA,7009,10938,17936,12990,5474,4089,9958,13019,1788,8488,2946,16482,11089,13938,3280,NA,8567,19550,NA,11924,1930,5791,14382,18192,15182,5917,8343,15150,NA,1159,11881,19041,10565,5564,796,8024,5965,19199,756,16909,19290,7844,5904,6542,237,832,19246,14924,10553,13961,NA,3779,12527,5812,1648,8021,9555,2314
13576,8019,18005,5651,6106,5112,3868,5231,11867,15910,13797,14612,14130,1974,3018,7463,17314,9613,3554,5124,7752,12572,15187,6674,10043,17267,5474,13378,19753,NA,10893,8733,18650,18128,15273,7331,NA,14923,12782,16086,NA,7005,NA,19145,15476,10472,7923,13096,15188,13211,10078,3491,11119,13131,6892,9420,18784
4322,17142,8836,533,18750,495,14927,73,10553,9513,2514,13323,3580,3499,12624,11904,9047,3150,17584,6854,11442,1984,19234,2127,3714,9029,2488,12968,13818,18125,19257
3949,17151,10040,13000,6272,8340,11951,1544,11601,14262,5817,13728,NA,18755,10385,2067,6594,8343,12440,10425,844,9937,14983,719,NA,10419,16196,7607,2720,13102,10736,2107,7004,4802,15008,8977,17981,16551,7055,6317,NA,9467,12440,14546,11494,3648,4240,4415,726,2964,12056,15167,19124
493,17151,183,19493,12298,2895,5108,8951,6265,2738,8531,451,5428,NA,15100,6649,4174,8439,12299,17582,6961,18584,10619,4469,4583,NA,12329,1367,18568,1427,9342,2666,14653
1410,2262,4403,2343,6225,10991,10081,8750,19105,6099,659,NA,1151,1413,16164,10756,3213,12390,825,12669,NA,19955,6158,991,19401,12710,18035,6196,7835,3306,9293,10462,14782,18861,NA,3567,18227,12053,19555,7637,14315,17689,17738,7401,NA,9782,NA,1160,1763,17989,5599,2438,1764,4851,16657,364,14971,16081,5032,6780,9636,2141,1243,NA,10912,2578,13982,3007,3147,16776,10081,644
2097,18432,3856,12904,7915,18312,3559,10311,17502,11539,14466,18678,18651,NA,11515,3988,19183,18092,17033,16755,4168,NA,895,6496,8200,3933,11631,17997,11296,7567,3938,15727
703,3491,7139,19554,6223,5800,17131,545,4705,2210,11562,16373,19766,NA,5907,NA,10759,6436,11887,9669,5158,NA,2090,4627,8777,2756,10712,10955,5006,12203,18058,4450,16075,16034,8885,9601,2142
5596,1774,19894,14991,16270,16531,1779,4696,19980,13179,465,14698,8063,9723,7433,NA,10325,15865,7235,10680,8765,15004,17247,13236,19036,1862,1621,7946,17235,19658,17138,16414,14876,11277,NA,4409,12837,16219,5760,10780,1187,16904,8037,19786,9807,NA,17919,18115,6097,13115,3382,11157,11052,112,9007
11809,12448,12911,5962,2085,7494,9356,15538,5343,15644,3161,12399,15372,12787,15390,16903,6209,18419,NA,1759,16449,6373,13968,1448,15048,9211,3812,17593,16733,4466,7989,6161,17178,11201,19204,4706,828,15285
16759,5205,6591,15950,1877,2395,11490,128,18866,10730,17686,14360,12832,11879,16862,8316,798,3322,10426,17441,19346,19100,1674,18277,19220,NA,19283,19143,2757,19348,8714,11348,7587,5492,523
12312,461,2423,11907,9197,18367,13411,5101,3460,1149,16285,17233,NA,15591,10360,9713,5859,9138,4704,19708,18395,8831,7828,4317,8404
3031,8987,12263,10637,9924,13560,8747,19972,15504,16812,4647,1112,9018,6856,NA,1615,5750,17639,NA,19585,10482,4779,13938,6190,5892,5617,7236,4487,16979,2205,10917,2978,7411,2867,4824,6676,4026,9665,3876,10219,NA,4556,12258,5601,2054,11759,17245,17285,17161,18101,11087,NA,15676,NA,1126,15595,1689,9831,10993,4473,NA,16803,871,19767,7136,NA,1382,18503,15032,260,3640,8916,16295,2789,15944,18945,5978,14949
603,4924,12857,19767,1120,10834,15638,8416,11475,11420,15021,1853,1746,5884,NA,709,1541,7972,NA,1384,11936,16276,4179,14594,8120,18810,8073,NA,7019,17623,10750,5150,8691,10408,1405,19210,9297,3805,18624,10982,4110,10005,13613,14520,2987,NA,19233,11773,628,709,225,6376,15375,13188,12437,2748,19105,1111,4098
13763,13739,8850,7946,4247,11736,15186,3828,8697,18943,10909,16539,NA,4727,18802,7711,1210,19562,12765,15612,16309,8166,8205,15042
11755,18241,18554,301,4424,18307,9147,6177,7403,11643,8691,13200,2207,11348,NA,7760,5211,17086,NA,9874,334,17415,NA,7573,16225,13617,2780,10378,264,5229,5174,14565,4709,13757,12923,336,2110,15686,19920,7776,13237,6319,NA,5648,6273,12670,14554,5886,4080,15493,14524,NA,18230,1274,18367,19511,996,14955,2985,5304,10783,17866
7667,11373,4076,5270,1011,10543,6338,1159,729,14085,7772,NA,18132,NA,5987,13045,15957,4197,2126,15432,5421,4647,16462,3576,6938,10563,NA,4553,6848,7350,8140,11298,5102,2065,19177,11659,18042,NA,15415,3303,13727,19931,5980,10502,4411,12538,13122,8907,4597,3598,11454,11105,NA,16043,14715,NA,1855,7426,NA,13604,3012,18146,18721,7305,16199,14966,2954,11813,12432,14838,1043,11165,15526,5769,8810
40,8238,9180,6507,12384,14873,13785,11858,8085,10919,12930,1619,11087,13845,6433,NA,14854,14587,NA,15701,14345,17879,19863,4914,8357,13628,NA,12808,14954,NA,12548,4607,17642,4222,1644,5415,14508,6161,1681,5969,NA,19008,12145,18561,5112,17952,10204,11366,9774,19457,17245,9087,4648,1242,5155
8256,933,15013,9819,16185,10573,12578,10932,14635,18001,17211,12143,4201,2297,NA,11594,13792,2153,18470,19368,357,7919,12433,3101,822,11147,17090,10726,19882,3186,5511,NA,14609,16846,17757,12668,NA,10391,2326,10693,4551,6289,4125,NA,8430,11279,4279,668,12290,14935,17659,NA,19580,10181,5344,16986,3624,17590,1623,7402,12921
3972,7449,15065,13199,44,14249,8647,5590,14712,9338,5850,16014,3122,17860,19532,10423,13057,11181,18194,NA,10696,NA,17936,NA,10872,5563,11768,11217,7309,10828,4061,15407,NA,18887,9312,16908,11272,9528,4180,17939,6615,14071,11375,8276,11156,4618,5758,9225,9008,9103,6809,17664,12867,16358,3882,9275
16325,9916,16115,8208,6029,11409,18361,18340,2394,2066,10256,4656,9157,18191,10657,10624,9468,1096,477,8507,10092,9550,10555,14255,14109,15284,NA,14146,755,3306,8519,9286
18607,4963,190,7700,10163,5067,13536,17781,19,14577,4856,6828,3868,7117,13893,5722,NA,6154,19821,NA,3732,19522,4802,18874,18543,6149,4193,16527,11094,19807,12412,9389
5522,10325,9445,12011,3237,15313,6787,2046,5310,13081,16382,12366,918,15534,1260,720,14599,4009,1024,8101,13351,5051,5547,10411,54,17574,19628,10257,6761,3595,8427,5522,16994,8279,2376,7246,11836,19267,17421,18732,4402,6113,15430,10259,19856,15933,7381,NA,9031,8943,4307,2272,6134,17076,15680,14599,1078,11602,8708,16187,19,14950,12483,18114
19941,10677,7870,7059,12184,4193,8124,18601,14435,13612,14955,13573,203,17630,2416,1769,9602,5302,7542,4428,1987,16118,16170,1779,NA,16717,55,3658,16192,5100,18651,4142,19103,1287,10154,NA,15856,19842,13872,11119,3530,10137,12263,4931,NA,7234,337,19317,13446,NA,17812,19621,17647,10700,14595,4684
14046,19455,12400,7702,8436,16675,11886,15070,18406,10454,98,18365,9592,1683,NA,5081,14511,19578,5054,12245,19983,9775,6497,13246,7168,8668,5880,6654,2881,17318,11472,2125,19414,13978,7266,NA,7619,NA,19962,8047,19809,12582,18452,19851,7543,4661,1335,17211,17657,992,10409,7613,19433,4613,4285,NA,6768,15143,13373,4685,4246,2566,13892
5267,5272,8407,15079,12665,7347,1256,1803,2987,12231,2375,2361,NA,9338,3013,15719,17976,19192,10883,11004,1938,12958,1324,2924,16875,NA,10890,13548,3527,9226,14323,15295,1887,9633,11855,5651,7915,13595,14402,15163,8863,NA,3713,14962,9376,12466,NA,2053,9274,295,7455,12497,5294,3243,2261
2634,14138,1305,7585,4551,5056,13698,18761,14047,10902,18294,8199,9068,NA,9879,1220,11714,15339,16976,12797,18,19256,14652,9246,4801,15876,4575,19118,14678,14581,NA,7291,16406,2178,591,12025,3322,14705,2347,NA,17362,11423,3107,4959,7447,9325,11955,17054,11015,8155,3242,9770,4694,928,9471,19338,10193,NA,8149,18696,12332,5681,16251
3822,17112,16818,3812,16251,13287,6747,6639,6699,7092,1143,8824,17537,3689,13869,17142,13392,7954,4559,16365,1079,17219,1294,19068,12752,13056,5221,13380,16545,5903,15924
3582,4055,19032,11177,2987,15240,8514,8120,7411,3737,19914,12719,4193,99,17060,6216,16817,NA,18019,4057,779,11836,16713,4555,6520,6072,17382,5428,13684,7287,7172,2637,9992,7582,6926,16936,15109,NA,17262,16174,9471,900,14716,13360,9352,NA,17445,10951,NA,2685,442,17269,6951,18956,2230,17902,10923,NA,5589,16146,4342,18215,4157,5559,19406
9731,17110,17459,16571,7744,18812,6800,11338,15002,7751,14390,NA,10859,11682,7601,3774,15417,11605,2902,7126,2048,15877,NA,16396,NA,3991,1912,15119,9036,15163,5724,17104,18109,10197,8866,1020,NA,4858,4609,4199,NA,2098,2564,4253,3429,NA,5962,14985,NA,11966,5275,10171,7507,8162,2195
7931,18630,8872,19132,16272,563,792,8181,10589,13713,14723,5626,9085,4722,5632,10207,17269,14067,7533,18753,10634,12009,9106,5036,5544,2719,14140,15475,19626,14950,16087,3203,5712,7209,635,4770,5337,17764,2193,1419,7145,2266,19369,2469,15617,5357
11811,5006,7430,7936,7471,4111,7070,9422,14694,13969,8897,4694,NA,4970,17990,1643,8915,8093,17698,10419,7483,13924,11620,18124,10786,13245,13011
14409,19005,1356,2649,18465,11454,16784,4751,103,18010,10790,8151,2822,18053,8402,9520,8751,14873,4159,812,8198,18275,8595,3642,7514,13178,9136,8835,19590,9641,6845,6648,5373,14375,8598,4614,10168,18838,11095,13597,15186,6649,17341,6907,6948,13419,9473,4779,3854,12795,17246,15456,10394,12131,10892,3180,874,3445,7628,2412,16881,4178,9106,8917,1540,1216,14625,10599,17481,1973
12377,5826,7959,16326,6883,13040,15444,6059,13844,10892,2514,303,2149,18651,4386,17059,NA,7891,17871,17888,7771,NA,8539,NA,9822,18155,15805,19020,4049,5966,12455,NA,9062,4204,3103,9232,1586,12433,NA,8902,8939,18908,18413,9009,11718,2900,15074,3922,7565,7850,7301,NA,1738,NA,13934,7965,15800,3630,9906,8361,1780,17869,19560,5833
1980,15138,3692,7524,10547,17101,6671,7177,4611,73,11839,5747,NA,11207,16579,15882,12919,1670,NA,17987,4981,12635,14615,4271,10971,17795,911,13133,17662,9695,14525,19523,19709
6238,14975,2657,9334,7998,5501,5225,10161,13651,604,15794,14539,5480,10177,2316,1959,5935,NA,11631,7419,14281,18184,5747,NA,14389,7080,6789,16433,NA,13776,1258,9724,11033,16253
819,11808,14178,15070,1559,10496,362,13793,11169,9025,14047,18604,3389,874,9586,16076,5007,8135,14621,5052,NA,18480,5210,14187,7166,NA,16840,14283,16478,13838,NA,5272,14644,14370,12968,12886,12082,1329,8862,12182,NA,18846,7353,6850,7753,NA,5184,5896,12998,16435,8626,19621,13436,3211,7478,4887,1407,14964,18877,19029
10722,14390,6848,16935,4758,13878,11814,7292,13451,1412,12405,9603,NA,12910,18643,11071,11615,15266,16269,17995,13991,16244,10359,14899,2250,7802,11634,13867,3863,1416,NA,10403,19294,1898,13872,14849,14481,9133,11487,2102,1340,NA,9544,NA,18221,9887,4174,779,14148,12301,NA,7736,8928,3451,6573,5069,9737,1020,17713,16565,3892,6778
14441,1275,19251,18576,7820,8985,18287,16605,11427,8536,5855,7379,14882,2707,10064,12202,7232,17115,3165,9297,12497,NA,15412,13407,NA,1652,10234,2118,1261,18852,2944,4227,126,5134,11775,NA,6990,380,16012,14054,9083,16598,11825,10619,8779,17920,4098,15677,14011,NA,17342,15035,8219,16561,18885,11132,13416,13716,13823,18900,13404,5197,13402,14575
7995,4154,8988,9939,5589,19597,7059,11474,19214,8690,13591,13933,15816,7799,9186,14239,10681,11186,4749,6135,14683,3118,14092,7347,11415,12399,14723,7062,9845,12458,13679,NA,541,8946,18263,10245,5643,589,4894,17440,6625,7479,9639,7466,10040
18139,7599,13829,7186,13896,13234,12000,18931,8997,1017,10634,6059,2481,14843,8023,4845,10100,NA,4983,17948,5569,12238,10619,16482,9252,1664,3685,7865,12482,6690,11850,2707,13649,4231,12333,3509,7713,14400,2035,591,12477,14990,10525,10267,NA,2064,18604,8632,8972,NA,3000,19163,7155,15786,11817,9633,9027,4947
