9075,19688,9685,13844,15082,15575,13886,8299,9147,8337,15913,10823,11815,9234,11004,11930,8514,8253,17398,13078,18999,19937,9959,8137,
19397,17576,16677,13648,9751,19739,11367,15705,18717,15283,18993,16644,13098,18726,15438,9931,8213,16511,14670,17497,9745,26471,16726,9828,14072,16611,
12259,19400,17981,14179,15326,15163,21325,16697,15981,18713,17344,26711,9367,16509,8264,14801,15672,10161,10179,15088,16893,15534,10098,16446,11223,10313,26840,16527,14833,33645,18812,13945,11683,11889,
19906,18187,17076,16387,12264,11713,16945,13346,17552,31195,13643,10686,24063,13377,16172,19585,18555,15865,16341,12765,15307,19751,12371,15181,18253,18827,14649,19462,9608,16282,13990,17669,12651,15323,18282,13703,
15722,10793,15291,11492,12668,15240,9678,15559,20304,18796,9437,10654,11411,12996,17497,12312,
17456,15840,15380,9924,14258,8414,15901,12973,31245,18272,14511,10261,17756,15559,
15823,15085,10621,15962,11540,14462,14814,11437,19781,17049,14195,17572,17684,13305,15849,16492,11600,16799,15573,10374,10458,10040,15402,17444,
11814,15857,13298,15059,17379,17557,18804,17709,9496,17833,9754,8551,17238,
8396,13137,12889,13675,16451,8244,11964,9303,15574,10261,17426,16089,12501,17318,11170,13031,12189,19517,15731,13571,
8878,14179,12879,8600,18814,11549,11817,18668,13135,16763,13740,12835,14187,19207,
12590,9835,16408,19086,16836,16920,9374,16689,9375,13612,18516,15516,15596,19204,9209,8476,18422,12802,17869,16493,10698,9446,8109,10968,22438,18758,11640,17397,11372,17449,
14641,10120,19794,15375,15603,17428,11022,11345,12743,11236,9153,19983,18150,14683,19194,15595,19891,
12115,9340,13834,13655,8813,8902,16884,13940,12494,15589,15170,18532,9503,17707,15940,16847,12809,19754,9431,12845,19437,14519,12201,
8304,13606,19086,19478,17657,15198,11861,16018,9086,19270,12160,11070,8275,12639,14643,9792,10086,
14041,8434,13919,16100,19251,11847,17056,16179,24702,8523,12400,12821,19682,19261,11334,15688,14413,10528,12992,16182,10094,13782,
8501,8192,8655,18019,11275,11468,10043,13915,11503,9770,18088,19633,10980,17466,17266,17421,10461,15059,
14766,14160,15530,12498,13794,18187,31273,13086,19973,12369,13471,8975,12995,12487,12338,8479,12967,12544,12567,10126,17668,19959,19103,14739,18241,12998,22286,14942,13445,10534,19230,13725,10366,17674,15686,15497,28826,13329,9056,15443,16518,25338,8820,14427,9799,18548,18069,15285,16872,
12174,14560,9050,14446,8388,12493,18794,10711,19833,19951,19965,13843,11059,13022,15060,12044,12213,
18206,17853,17213,19009,13974,11285,18905,8298,18787,14804,18795,11438,17206,24399,17125,15999,12238,9201,15867,12434,12468,14206,16409,17516,12489,10748,18973,8225,27325,19100,8241,18380,17390,17574,9916,17821,10950,10899,8654,
15261,10343,19505,17934,18016,12153,19853,11723,9208,9307,17974,8667,25447,16780,36230,19450,11802,24089,12287,9729,9699,17197,15489,
14048,18595,15956,11370,9566,15224,10859,12162,14291,16625,22080,8247,14311,11825,14366,8989,17289,14004,15750,16853,10420,15949,19086,14494,18071,11421,19840,14900,16450,17156,19447,30909,11462,11934,14210,11112,11515,9740,12211,
9712,11359,16473,11407,17330,18259,26956,8697,25073,19583,34574,14991,19165,10663,25234,14571,8581,19756,12690,11243,11054,8486,12021,12247,12771,15601,10774,15559,8571,19582,9954,18302,18335,10967,8475,9106,22928,13822,13256,16603,35185,18582,12022,11909,11949,15713,10206,12816,
12081,17949,10077,10450,19835,10384,11789,14073,13180,19415,17077,15058,30380,15322,15563,11415,12629,14593,20847,14522,18132,19922,11059,16919,17974,16379,
8512,8117,9514,19150,15625,11038,15886,16954,8587,8809,17094,11756,18296,15841,18442,11856,16738,12328,9440,9798,14977,18448,19833,9406,19562,15312,14441,19238,12636,11275,16988,8206,12069,18893,9773,8166,17379,17290,18938,16999,8898,9048,19972,9486,9790,12480,11881,13352,18282,18632,9184,19039,14345,12369,
19590,15714,17302,19490,11474,17846,14370,8395,
10778,16845,10132,8640,15737,12907,8356,14696,12028,9701,10563,13498,11649,16628,26021,9393,18116,12684,18721,19126,8648,18055,16274,15038,19806,16909,9948,18955,15623,8191,20011,14172,12218,9183,9104,25024,15920,20452,11825,
10192,19459,13430,14285,11503,14749,14952,14053,12599,8688,26009,18723,8419,15329,17686,8767,14293,18279,9563,15961,10398,10357,13679,11545,11833,16195,12143,9611,18135,18580,
9620,17925,13646,16231,14918,11661,15247,10088,12814,9480,12975,15112,12289,13609,14072,9794,10574,12005,15496,10736,
14242,16986,13571,13862,9520,18686,19649,13813,18574,8892,9777,13551,11822,16777,16797,
11346,13754,11242,13007,12195,19887,18942,16203,14546,15357,16984,19530,12802,17481,11150,14359,26237,11878,27778,15900,18786,15177,18862,9778,19728,15502,10587,13476,8704,
11444,13856,11844,17549,11483,14733,16387,16886,17990,16566,16581,10414,9235,14524,13070,26932,13862,13688,15430,17584,8575,11499,10222,11203,10940,11110,10212,8856,14247,32573,18326,19072,11988,10743,13788,17125,9891,9377,14960,17393,16572,16932,20440,15948,8971,12914,12909,
16684,15017,18142,18419,17168,14854,8400,12030,10258,12573,14553,15256,9592,12724,12124,10620,15738,16226,10283,13792,10326,11452,11974,10698,11760,17878,18070,11610,13840,8523,18725,10202,11242,13291,15252,11060,17643,29110,11467,18294,14655,10996,
18886,14806,14743,16086,16537,10296,15371,26243,10872,23739,12867,19617,13595,15521,14978,13102,12680,18995,15975,11786,10425,17825,34172,16347,15039,18136,13085,8504,11468,19410,16908,17288,
8305,10154,14813,19697,28118,8421,10401,19792,18780,15659,10965,13294,18443,17178,11545,11269,15767,11786,17165,
12291,14760,14450,15335,12698,9729,10943,17296,11097,10813,9108,17514,8406,9133,19478,11827,15841,16087,9299,17516,16405,15153,15512,19280,17438,13307,17119,10059,9984,9247,
12079,19843,19497,15616,16630,12262,12657,8359,8350,13079,10601,9850,18970,13044,10767,15048,17775,
9814,11370,13820,11475,13766,10837,13831,14231,15672,11556,19590,17192,15156,15375,
9540,17785,11362,12349,13234,14231,19454,15202,19535,9191,9311,12075,15593,15201,13816,17945,14469,17477,14499,10621,18679,12368,10469,9240,19899,22000,15668,14192,18031,12339,13851,13027,8883,16416,15522,18370,19113,15458,17716,13700,12950,15823,18165,12929,16461,28853,12392,12109,10386,9122,18420,
17475,19953,14461,10168,15657,11630,9771,11570,18643,14961,17950,11048,13419,13519,10263,17093,10565,8849,10847,11551,18624,16589,14617,14255,15143,18411,14133,8972,17615,17863,19701,13700,19601,23489,13301,18953,17187,25456,8269,9184,12737,13748,11531,14184,
10422,8336,19415,13818,16197,9461,16365,27415,11050,13658,19656,13425,12846,9309,18903,35580,16677,17631,12086,9747,10065,19000,13700,15262,19710,18467,16379,19624,14855,10460,19661,15152,
10871,8181,17310,8210,21029,19768,15854,27671,11817,8196,18350,18521,11007,10031,8453,16632,13342,20900,19004,19048,10559,14973,8679,16068,17292,18290,11419,12395,17032,15322,22211,10396,17528,9569,15174,10073,19613,
13793,10606,11152,18303,10857,13012,14286,9430,9127,12607,8200,14991,9530,8375,12983,19480,12933,11419,16597,8112,8393,15441,13257,13997,13591,14717,14565,8470,9608,10455,24849,14394,13491,14001,17695,16203,
9724,17880,15375,8753,18084,10458,17467,10938,17936,12990,9958,13019,8488,16482,11089,13938,11847,8567,19550,31474,11924,14382,18192,15182,8343,15150,16309,11881,19041,10565,19199,16909,19290,19246,14924,10553,13961,17740,12527,9555,
13576,18005,11867,15910,13797,14612,14130,17314,9613,12572,15187,10043,17267,13378,19753,30646,10893,8733,18650,18128,15273,22254,14923,12782,16086,23091,26150,19145,15476,10472,13096,15188,13211,10078,11119,13131,9420,18784,
17142,8836,18750,14927,10553,9513,13323,12624,11904,9047,17584,11442,19234,9029,12968,13818,18125,19257,
17151,10040,13000,8340,11951,11601,14262,13728,32483,18755,10385,8343,12440,10425,9937,14983,11138,10419,16196,13102,10736,15008,8977,17981,16551,15784,9467,12440,14546,11494,12056,15167,19124,
17151,19493,12298,8951,8531,20528,15100,8439,12299,17582,18584,10619,16912,12329,18568,9342,14653,
10991,10081,8750,19105,16164,10756,12390,12669,32624,19955,19401,12710,18035,9293,10462,14782,18861,22428,18227,12053,19555,14315,17689,17738,17183,9782,10942,17989,16657,14971,16081,9636,12155,10912,13982,16776,10081,
18432,12904,18312,10311,17502,11539,14466,18678,18651,30166,11515,19183,18092,17033,16755,8200,11631,17997,11296,15727,
19554,17131,11562,16373,19766,25673,16666,10759,11887,9669,8777,10712,10955,12203,18058,16075,16034,8885,9601,
19894,14991,16270,16531,19980,13179,14698,9723,17758,10325,15865,10680,8765,15004,17247,13236,19036,17235,19658,17138,16414,14876,11277,15686,12837,16219,10780,16904,19786,9807,27726,17919,18115,13115,11157,11052,9007,
11809,12448,12911,9356,15538,15644,12399,15372,12787,15390,16903,18419,20178,16449,13968,15048,9211,17593,16733,17178,11201,19204,15285,
16759,15950,11490,18866,10730,17686,14360,12832,11879,16862,8316,10426,17441,19346,19100,18277,19220,38503,19283,19143,19348,8714,11348,
12312,11907,9197,18367,13411,16285,17233,32824,15591,10360,9713,9138,19708,18395,8831,8404,
8987,12263,10637,9924,13560,8747,19972,15504,16812,9018,8471,17639,37224,19585,10482,13938,16979,10917,9665,10219,14775,12258,11759,17245,17285,17161,18101,11087,26763,15676,16802,15595,9831,10993,21276,16803,19767,8518,18503,15032,8916,16295,15944,18945,14949,
12857,19767,10834,15638,8416,11475,11420,15021,9356,11936,16276,14594,8120,18810,15092,17623,10750,8691,10408,19210,9297,18624,10982,10005,13613,14520,22220,19233,11773,15375,13188,12437,19105,
13763,13739,8850,11736,15186,8697,18943,10909,16539,21266,18802,19562,12765,15612,16309,8166,8205,15042,
11755,18241,18554,18307,9147,11643,8691,13200,11348,19108,17086,26960,9874,17415,24988,16225,13617,10378,14565,13757,12923,15686,19920,13237,11967,12670,14554,15493,14524,32754,18230,18367,19511,14955,10783,17866,
11373,10543,14085,25904,18132,24119,13045,15957,15432,16462,10563,15116,8140,11298,19177,11659,18042,33457,15415,13727,19931,10502,12538,13122,8907,11454,11105,27148,16043,14715,16570,21030,13604,18146,18721,16199,14966,11813,12432,14838,11165,15526,8810,
8238,9180,12384,14873,13785,11858,10919,12930,11087,13845,21287,14854,14587,30288,15701,14345,17879,19863,8357,13628,26436,12808,14954,27502,12548,17642,14508,24977,19008,12145,18561,17952,10204,11366,9774,19457,17245,9087,
8256,15013,9819,16185,10573,12578,10932,14635,18001,17211,12143,13891,11594,13792,18470,19368,12433,11147,17090,10726,19882,20120,14609,16846,17757,12668,23059,10391,10693,12555,8430,11279,12290,14935,17659,37239,19580,10181,16986,17590,12921,
15065,13199,14249,8647,14712,9338,16014,17860,19532,10423,13057,11181,18194,28890,10696,28632,17936,28808,10872,11768,11217,10828,15407,34294,18887,9312,16908,11272,9528,17939,14071,11375,8276,11156,9225,9008,9103,17664,12867,16358,9275,
16325,9916,16115,8208,11409,18361,18340,10256,9157,18191,10657,10624,9468,8507,10092,9550,10555,14255,14109,15284,29430,14146,8519,9286,
18607,10163,13536,17781,14577,13893,11876,19821,23553,19522,18874,18543,16527,11094,19807,12412,9389,
10325,9445,12011,15313,13081,16382,12366,15534,14599,8101,13351,10411,17574,19628,10257,8427,16994,8279,11836,19267,17421,18732,15430,10259,19856,15933,16412,9031,8943,17076,15680,14599,11602,8708,16187,14950,12483,18114,
19941,10677,12184,8124,18601,14435,13612,14955,13573,17630,9602,16118,16170,18496,16717,16192,18651,19103,10154,26010,15856,19842,13872,11119,10137,12263,12165,19317,13446,31258,17812,19621,17647,10700,14595,
14046,19455,12400,8436,16675,11886,15070,18406,10454,18365,9592,14511,19578,12245,19983,9775,13246,8668,17318,11472,19414,13978,14885,27581,19962,19809,12582,18452,19851,17211,17657,10409,19433,11053,15143,13373,13892,
8407,15079,12665,12231,11699,9338,15719,17976,19192,10883,11004,12958,16875,27765,10890,13548,9226,14323,15295,9633,11855,13595,14402,15163,8863,12576,14962,9376,12466,14519,9274,12497,
14138,13698,18761,14047,10902,18294,8199,9068,18947,9879,11714,15339,16976,12797,19256,14652,9246,15876,19118,14678,14581,21872,16406,12025,14705,19709,17362,11423,9325,11955,17054,11015,8155,9770,9471,19338,10193,18342,8149,18696,12332,16251,
17112,16818,16251,13287,8824,17537,13869,17142,13392,16365,17219,19068,12752,13056,13380,16545,15924,
19032,11177,15240,8514,8120,19914,12719,17060,16817,34836,18019,11836,16713,17382,13684,9992,16936,15109,32371,17262,16174,9471,14716,13360,9352,26797,17445,10951,13636,17269,18956,17902,10923,16512,16146,18215,19406,
9731,17110,17459,16571,18812,11338,15002,14390,25249,10859,11682,15417,11605,15877,32273,16396,20387,15119,9036,15163,17104,18109,10197,8866,9391,14985,26951,11966,10171,8162,
18630,8872,19132,16272,8181,10589,13713,14723,9085,10207,17269,14067,18753,10634,12009,9106,14140,15475,19626,14950,16087,17764,19369,15617,
11811,9422,14694,13969,8897,9664,17990,8915,17698,10419,13924,11620,18124,10786,13245,13011,
14409,19005,18465,11454,16784,18010,10790,8151,18053,8402,9520,8751,14873,8198,18275,8595,13178,9136,8835,19590,9641,14375,8598,10168,18838,11095,13597,15186,17341,13419,9473,12795,17246,15456,10394,12131,10892,16881,9106,8917,14625,10599,17481,
12377,16326,13040,15444,13844,10892,18651,17059,24950,17871,17888,16310,8539,18361,9822,18155,15805,19020,12455,21517,9062,9232,12433,21335,8902,8939,18908,18413,9009,11718,15074,9039,15672,13934,15800,9906,8361,17869,19560,
15138,10547,17101,11839,16954,11207,16579,15882,12919,19657,17987,12635,14615,10971,17795,13133,17662,9695,14525,19523,19709,
14975,9334,10161,13651,15794,14539,10177,17566,11631,14281,18184,20136,14389,16433,30209,13776,9724,11033,16253,
11808,14178,15070,10496,13793,11169,9025,14047,18604,9586,16076,8135,14621,23532,18480,14187,24006,16840,14283,16478,13838,19110,14644,14370,12968,12886,12082,8862,12182,31028,18846,12937,12998,16435,8626,19621,13436,14964,18877,19029,
10722,14390,16935,13878,11814,13451,12405,9603,22513,12910,18643,11071,11615,15266,16269,17995,13991,16244,10359,14899,11634,13867,11819,10403,19294,13872,14849,14481,9133,11487,10884,9544,27765,18221,9887,14148,12301,20037,8928,9737,17713,16565,
14441,19251,18576,8985,18287,16605,11427,8536,14882,10064,12202,17115,9297,12497,27909,15412,13407,15059,10234,18852,11775,18765,16012,14054,9083,16598,11825,10619,8779,17920,15677,14011,31353,17342,15035,8219,16561,18885,11132,13416,13716,13823,18900,13404,13402,14575,
8988,9939,19597,11474,19214,8690,13591,13933,15816,9186,14239,10681,11186,14683,14092,11415,12399,14723,9845,12458,13679,14220,8946,18263,10245,17440,9639,10040,
18139,13829,13896,13234,12000,18931,8997,10634,14843,10100,15083,17948,12238,10619,16482,9252,12482,11850,13649,12333,14400,12477,14990,10525,10267,12331,18604,8632,8972,11972,19163,15786,11817,9633,9027,
